0 5.36413e-11 2.29776e-11 0.000489926 0.000413879 0.000489926 0.998606
0.06 5.3642e-11 2.29776e-11 0.000490174 0.000413873 0.000490174 0.998606
0.12 5.36442e-11 2.29775e-11 0.000490928 0.000413858 0.000490928 0.998604
0.18 5.3648e-11 2.29773e-11 0.000492223 0.000413831 0.000492223 0.998602
0.24 5.36535e-11 2.2977e-11 0.000494115 0.000413793 0.000494115 0.998598
0.3 5.36609e-11 2.29766e-11 0.000496689 0.000413743 0.000496689 0.998593
0.36 5.36706e-11 2.29762e-11 0.000500056 0.00041368 0.000500056 0.998586
0.42 5.36829e-11 2.29756e-11 0.000504361 0.000413604 0.000504361 0.998578
0.48 5.36983e-11 2.29748e-11 0.000509786 0.000413512 0.000509786 0.998567
0.54 5.37175e-11 2.29739e-11 0.000516553 0.000413404 0.000516553 0.998553
0.6 5.37412e-11 2.29728e-11 0.000524938 0.000413278 0.000524938 0.998537
0.66 5.37702e-11 2.29715e-11 0.000535272 0.000413131 0.000535272 0.998516
0.72 5.38057e-11 2.297e-11 0.000547954 0.000412961 0.000547954 0.998491
0.78 5.38489e-11 2.29681e-11 0.000563462 0.000412767 0.000563462 0.99846
0.84 5.39013e-11 2.29659e-11 0.000582368 0.000412544 0.000582368 0.998423
0.9 5.39648e-11 2.29633e-11 0.00060535 0.00041229 0.00060535 0.998377
0.96 5.40415e-11 2.29603e-11 0.000633215 0.000412002 0.000633215 0.998322
1.02 5.4134e-11 2.29567e-11 0.000666912 0.000411674 0.000666912 0.998255
1.08 5.42451e-11 2.29525e-11 0.000707562 0.000411304 0.000707562 0.998174
1.14 5.43785e-11 2.29476e-11 0.000756483 0.000410885 0.000756483 0.998076
1.2 5.45382e-11 2.29418e-11 0.000815218 0.000410413 0.000815218 0.997959
1.26 5.47289e-11 2.29352e-11 0.000885571 0.000409883 0.000885571 0.997819
1.32 5.49562e-11 2.29275e-11 0.000969644 0.000409286 0.000969644 0.997651
1.38 5.52265e-11 2.29186e-11 0.00106988 0.000408618 0.00106988 0.997452
1.44 5.55474e-11 2.29083e-11 0.00118912 0.00040787 0.00118912 0.997214
1.5 5.59275e-11 2.28965e-11 0.00133063 0.000407034 0.00133063 0.996932
1.56 5.63765e-11 2.28829e-11 0.00149818 0.000406101 0.00149818 0.996598
1.62 5.69061e-11 2.28673e-11 0.00169613 0.000405062 0.00169613 0.996203
1.68 5.75292e-11 2.28495e-11 0.00192945 0.000403907 0.00192945 0.995737
1.74 5.82607e-11 2.28291e-11 0.00220384 0.000402625 0.00220384 0.99519
1.8 5.91176e-11 2.28058e-11 0.00252577 0.000401205 0.00252577 0.994547
1.86 6.01192e-11 2.27793e-11 0.00290262 0.000399635 0.00290262 0.993795
1.92 6.12874e-11 2.27492e-11 0.00334276 0.000397902 0.00334276 0.992917
1.98 6.26469e-11 2.27151e-11 0.00385562 0.000395992 0.00385562 0.991893
2.04 6.42253e-11 2.26765e-11 0.00445183 0.000393893 0.00445183 0.990702
2.1 6.60539e-11 2.26328e-11 0.00514333 0.000391591 0.00514333 0.989322
2.16 6.81675e-11 2.25835e-11 0.00594347 0.000389071 0.00594347 0.987724
2.22 7.06048e-11 2.25279e-11 0.00686714 0.00038632 0.00686714 0.985879
2.28 7.34089e-11 2.24655e-11 0.00793086 0.000383325 0.00793086 0.983755
2.34 7.66275e-11 2.23953e-11 0.00915295 0.000380073 0.00915295 0.981314
2.4 8.03131e-11 2.23167e-11 0.0105536 0.000376555 0.0105536 0.978516
2.46 8.45232e-11 2.22288e-11 0.0121549 0.000372761 0.0121549 0.975318
2.52 8.93207e-11 2.21306e-11 0.013981 0.000368686 0.013981 0.971669
2.58 9.47739e-11 2.20211e-11 0.0160582 0.000364331 0.0160582 0.967519
2.64 1.00956e-10 2.18994e-11 0.0184149 0.0003597 0.0184149 0.962811
2.7 1.07947e-10 2.17642e-11 0.0210815 0.000354806 0.0210815 0.957482
2.76 1.15831e-10 2.16144e-11 0.0240906 0.000349672 0.0240906 0.951469
2.82 1.24697e-10 2.14488e-11 0.0274766 0.000344336 0.0274766 0.944702
2.88 1.34639e-10 2.12661e-11 0.0312754 0.000338851 0.0312754 0.93711
2.94 1.45753e-10 2.10652e-11 0.0355246 0.000333293 0.0355246 0.928617
3 1.58139e-10 2.08447e-11 0.0402624 0.000327766 0.0402624 0.919147
3.06 1.71897e-10 2.06035e-11 0.0455276 0.000322409 0.0455276 0.908622
3.12 1.87127e-10 2.03404e-11 0.0513585 0.000317407 0.0513585 0.896966
3.18 2.03924e-10 2.00546e-11 0.0577922 0.000313001 0.0577922 0.884103
3.24 2.22378e-10 1.97452e-11 0.064864 0.000309505 0.064864 0.869963
3.3 2.42573e-10 1.94117e-11 0.0726053 0.000307322 0.0726053 0.854482
3.36 2.64576e-10 1.9054e-11 0.0810431 0.000306968 0.0810431 0.837607
3.42 2.88441e-10 1.86723e-11 0.0901984 0.000309099 0.0901984 0.819294
3.48 3.14202e-10 1.82676e-11 0.100084 0.000314548 0.100084 0.799517
3.54 3.41869e-10 1.78414e-11 0.110705 0.000324364 0.110705 0.778265
3.6 3.71422e-10 1.73961e-11 0.122054 0.000339867 0.122054 0.755552
3.66 4.02814e-10 1.69351e-11 0.134113 0.000362713 0.134113 0.731412
3.72 4.3596e-10 1.64629e-11 0.146849 0.00039497 0.146849 0.705906
3.78 4.7074e-10 1.59856e-11 0.160218 0.000439218 0.160218 0.679124
3.84 5.06998e-10 1.55106e-11 0.174159 0.000498666 0.174159 0.651183
3.9 5.4454e-10 1.50472e-11 0.188599 0.000577299 0.188599 0.622225
3.96 5.83136e-10 1.4607e-11 0.203449 0.000680063 0.203449 0.592422
4.02 6.22528e-10 1.42038e-11 0.218611 0.000813081 0.218611 0.561966
4.08 6.62429e-10 1.38542e-11 0.233974 0.000983941 0.233974 0.531069
4.14 7.02531e-10 1.35785e-11 0.24942 0.00120204 0.24942 0.499957
4.2 7.42514e-10 1.34005e-11 0.264828 0.00147902 0.264828 0.468865
4.26 7.82054e-10 1.33493e-11 0.280072 0.00182934 0.280072 0.438027
4.32 8.20826e-10 1.34596e-11 0.295028 0.00227098 0.295028 0.407673
4.38 8.58516e-10 1.37741e-11 0.309576 0.00282643 0.309576 0.378022
4.44 8.94827e-10 1.43447e-11 0.323602 0.00352386 0.323602 0.349273
4.5 9.2948e-10 1.52361e-11 0.336998 0.00439892 0.336998 0.321605
4.56 9.62217e-10 1.65292e-11 0.349668 0.005497 0.349668 0.295167
4.62 9.92805e-10 1.83272e-11 0.361522 0.00687663 0.361522 0.27008
4.68 1.02103e-09 2.07632e-11 0.372476 0.00861429 0.372476 0.246433
4.74 1.04667e-09 2.40122e-11 0.382453 0.0108116 0.382453 0.224282
4.8 1.06951e-09 2.83078e-11 0.39137 0.0136064 0.39137 0.203653
4.86 1.08931e-09 3.3968e-11 0.399136 0.0171894 0.399136 0.184538
4.92 1.10575e-09 4.14342e-11 0.405633 0.0218305 0.405633 0.166903
4.98 1.11838e-09 5.13295e-11 0.410699 0.0279203 0.410699 0.150681
5.04 1.12656e-09 6.45464e-11 0.414095 0.0360327 0.414095 0.135777
5.1 1.1293e-09 8.2373e-11 0.415458 0.0470199 0.415458 0.122064
5.16 1.12511e-09 1.06663e-10 0.414237 0.0621459 0.414237 0.10938
5.22 1.11175e-09 1.40033e-10 0.409611 0.0832531 0.409611 0.097525
5.28 1.08607e-09 1.86002e-10 0.400411 0.112914 0.400411 0.0862647
5.34 1.04394e-09 2.48864e-10 0.385113 0.154429 0.385113 0.0753454
5.4 9.80831e-10 3.32895e-10 0.362037 0.211384 0.362037 0.0645439
5.46 8.93361e-10 4.40426e-10 0.32993 0.286379 0.32993 0.053759
5.52 7.82065e-10 5.68911e-10 0.28898 0.378914 0.28898 0.0431291
5.58 6.53842e-10 7.08703e-10 0.241729 0.483457 0.241729 0.0330814
5.64 5.21552e-10 8.44593e-10 0.192924 0.589946 0.192924 0.0242091
5.7 3.99333e-10 9.61556e-10 0.147797 0.687415 0.147797 0.0169893
5.76 2.97006e-10 1.05092e-09 0.109987 0.768459 0.109987 0.0115677
5.82 2.1777e-10 1.1119e-09 0.0806908 0.830857 0.0806908 0.00776168
5.88 1.59801e-10 1.14917e-09 0.0592448 0.876289 0.0592448 0.0052209
5.94 1.19072e-10 1.16928e-09 0.0441676 0.908081 0.0441676 0.00358376
6 9.14207e-11 1.17843e-09 0.033926 0.92959 0.033926 0.00255814
6.06 7.34902e-11 1.18151e-09 0.0272813 0.943499 0.0272813 0.00193856
6.12 6.29364e-11 1.18194e-09 0.0233684 0.951669 0.0233684 0.00159412
6.18 5.83421e-11 1.18182e-09 0.021664 0.955221 0.021664 0.00145065
6.24 5.90823e-11 1.18209e-09 0.0219371 0.954649 0.0219371 0.00147704
6.3 6.52456e-11 1.18259e-09 0.02422 0.949881 0.02422 0.00167878
6.36 7.76457e-11 1.18208e-09 0.0288125 0.940276 0.0288125 0.0020991
6.42 9.79167e-11 1.17811e-09 0.0363172 0.924538 0.0363172 0.00282787
6.48 1.28648e-10 1.1669e-09 0.0476883 0.900606 0.0476883 0.00401717
6.54 1.73421e-10 1.14318e-09 0.0642453 0.86561 0.0642453 0.00589962
6.6 2.36461e-10 1.10054e-09 0.0875425 0.816119 0.0875425 0.00879594
6.66 3.21438e-10 1.03264e-09 0.118926 0.749063 0.118926 0.0130844
6.72 4.29129e-10 9.35906e-10 0.158671 0.663561 0.158671 0.0190981
6.78 5.54682e-10 8.12998e-10 0.204971 0.563105 0.204971 0.0269523
6.84 6.86845e-10 6.74573e-10 0.253662 0.456269 0.253662 0.0364062
6.9 8.11305e-10 5.36315e-10 0.299457 0.354169 0.299457 0.0469166
6.96 9.16493e-10 4.12431e-10 0.33809 0.265921 0.33809 0.0578985
7.02 9.97258e-10 3.10713e-10 0.367669 0.195677 0.367669 0.0689846
7.08 1.05433e-09 2.32212e-10 0.388474 0.14295 0.388474 0.0801022
7.14 1.09157e-09 1.73878e-10 0.401932 0.104741 0.401932 0.0913938
7.2 1.11347e-09 1.31319e-10 0.40971 0.0774799 0.40971 0.103099
7.26 1.12392e-09 1.00405e-10 0.413241 0.0580445 0.413241 0.115473
7.32 1.12582e-09 7.78513e-11 0.413596 0.0440644 0.413596 0.128743
7.38 1.12119e-09 6.12511e-11 0.411519 0.033863 0.411519 0.1431
7.44 1.11138e-09 4.89087e-11 0.407504 0.0262958 0.407504 0.158696
7.5 1.09727e-09 3.96469e-11 0.40188 0.0205915 0.40188 0.175649
7.56 1.07946e-09 3.26487e-11 0.394864 0.016229 0.394864 0.194043
7.62 1.05836e-09 2.73411e-11 0.386608 0.0128523 0.386608 0.213932
7.68 1.03427e-09 2.33162e-11 0.377224 0.0102135 0.377224 0.235339
7.74 1.00745e-09 2.02784e-11 0.366804 0.00813645 0.366804 0.258256
7.8 9.7811e-10 1.80094e-11 0.355432 0.00649296 0.355432 0.282644
7.86 9.46481e-10 1.63449e-11 0.343191 0.00518804 0.343191 0.308429
7.92 9.12793e-10 1.51592e-11 0.330171 0.00414981 0.330171 0.335509
7.98 8.77296e-10 1.43546e-11 0.316465 0.00332305 0.316465 0.363746
8.04 8.40263e-10 1.3854e-11 0.302179 0.00266479 0.302179 0.392977
8.1 8.01986e-10 1.35957e-11 0.287423 0.00214123 0.287423 0.423013
8.16 7.62773e-10 1.35299e-11 0.272316 0.00172558 0.272316 0.453642
8.22 7.22947e-10 1.36158e-11 0.256981 0.00139649 0.256981 0.484641
8.28 6.82835e-10 1.38201e-11 0.241543 0.00113683 0.241543 0.515776
8.34 6.42763e-10 1.41148e-11 0.226128 0.000932854 0.226128 0.546811
8.4 6.03046e-10 1.4477e-11 0.210855 0.000773483 0.210855 0.577516
8.46 5.63984e-10 1.48876e-11 0.19584 0.000649785 0.19584 0.607671
8.52 5.2585e-10 1.53305e-11 0.181186 0.000554559 0.181186 0.637073
8.58 4.8889e-10 1.57926e-11 0.166989 0.000481993 0.166989 0.665539
8.64 4.53318e-10 1.62631e-11 0.15333 0.000427405 0.15333 0.692913
8.7 4.19308e-10 1.67333e-11 0.140274 0.000387025 0.140274 0.719064
8.76 3.86999e-10 1.71962e-11 0.127876 0.000357824 0.127876 0.74389
8.82 3.56493e-10 1.76463e-11 0.116174 0.000337371 0.116174 0.767316
8.88 3.27856e-10 1.80796e-11 0.105192 0.000323721 0.105192 0.789293
8.94 3.01122e-10 1.84929e-11 0.0949432 0.00031532 0.0949432 0.809798
9 2.76294e-10 1.88842e-11 0.0854288 0.000310933 0.0854288 0.828832
9.06 2.53351e-10 1.92523e-11 0.0766396 0.000309579 0.0766396 0.846411
9.12 2.32247e-10 1.95965e-11 0.0685584 0.000310483 0.0685584 0.862573
9.18 2.12922e-10 1.99167e-11 0.0611609 0.000313035 0.0611609 0.877365
9.24 1.95298e-10 2.02131e-11 0.0544177 0.000316758 0.0544177 0.890848
9.3 1.7929e-10 2.04865e-11 0.0482952 0.000321278 0.0482952 0.903088
9.36 1.64804e-10 2.07376e-11 0.0427572 0.000326309 0.0427572 0.914159
9.42 1.51741e-10 2.09675e-11 0.0377657 0.000331629 0.0377657 0.924137
9.48 1.40001e-10 2.11774e-11 0.033282 0.000337069 0.033282 0.933099
9.54 1.29484e-10 2.13683e-11 0.0292676 0.000342503 0.0292676 0.941122
9.6 1.20092e-10 2.15417e-11 0.0256843 0.000347839 0.0256843 0.948283
9.66 1.11729e-10 2.16986e-11 0.0224956 0.000353007 0.0224956 0.954656
9.72 1.04304e-10 2.18404e-11 0.0196661 0.000357962 0.0196661 0.96031
9.78 9.77288e-11 2.19682e-11 0.0171622 0.000362671 0.0171622 0.965313
9.84 9.19224e-11 2.20832e-11 0.0149526 0.000367116 0.0149526 0.969728
9.9 8.68081e-11 2.21864e-11 0.0130078 0.000371286 0.0130078 0.973613
9.96 8.23148e-11 2.22789e-11 0.0113004 0.000375179 0.0113004 0.977024
10.02 7.83768e-11 2.23616e-11 0.00980524 0.000378796 0.00980524 0.980011
10.08 7.4934e-11 2.24355e-11 0.0084992 0.000382145 0.0084992 0.982619
10.14 7.19313e-11 2.25013e-11 0.00736113 0.000385234 0.00736113 0.984893
10.2 6.93186e-11 2.25599e-11 0.00637183 0.000388074 0.00637183 0.986868
10.26 6.70506e-11 2.26119e-11 0.0055139 0.000390679 0.0055139 0.988582
10.32 6.50863e-11 2.26581e-11 0.00477165 0.000393061 0.00477165 0.990064
10.38 6.33889e-11 2.26989e-11 0.00413101 0.000395235 0.00413101 0.991343
10.44 6.19256e-11 2.2735e-11 0.00357934 0.000397213 0.00357934 0.992444
10.5 6.06668e-11 2.27668e-11 0.00310539 0.00039901 0.00310539 0.99339
10.56 5.95865e-11 2.27948e-11 0.00269916 0.000400638 0.00269916 0.994201
10.62 5.86613e-11 2.28194e-11 0.00235178 0.000402111 0.00235178 0.994894
10.68 5.78708e-11 2.2841e-11 0.0020554 0.00040344 0.0020554 0.995486
10.74 5.71968e-11 2.286e-11 0.00180312 0.000404638 0.00180312 0.995989
10.8 5.66235e-11 2.28765e-11 0.00158887 0.000405714 0.00158887 0.996417
10.86 5.6137e-11 2.2891e-11 0.00140735 0.00040668 0.00140735 0.996779
10.92 5.57249e-11 2.29035e-11 0.00125391 0.000407545 0.00125391 0.997085
10.98 5.53767e-11 2.29144e-11 0.00112452 0.000408318 0.00112452 0.997343
11.04 5.50832e-11 2.29239e-11 0.00101568 0.000409006 0.00101568 0.99756
11.1 5.48365e-11 2.29321e-11 0.000924356 0.000409618 0.000924356 0.997742
11.16 5.46295e-11 2.29391e-11 0.000847935 0.00041016 0.000847935 0.997894
11.22 5.44564e-11 2.29452e-11 0.000784171 0.000410638 0.000784171 0.998021
11.28 5.43121e-11 2.29504e-11 0.000731139 0.000411059 0.000731139 0.998127
11.34 5.41923e-11 2.29548e-11 0.000687198 0.000411427 0.000687198 0.998214
11.4 5.40931e-11 2.29586e-11 0.000650954 0.000411746 0.000650954 0.998286
11.46 5.40117e-11 2.29618e-11 0.000621232 0.000412022 0.000621232 0.998346
11.52 5.39452e-11 2.29644e-11 0.000597044 0.000412257 0.000597044 0.998394
11.58 5.38916e-11 2.29666e-11 0.00057757 0.000412455 0.00057757 0.998432
11.64 5.3849e-11 2.29683e-11 0.000562139 0.000412618 0.000562139 0.998463
11.7 5.3816e-11 2.29697e-11 0.000550207 0.000412748 0.000550207 0.998487
11.76 5.37914e-11 2.29708e-11 0.000541349 0.000412848 0.000541349 0.998504
11.82 5.37745e-11 2.29715e-11 0.000535244 0.000412918 0.000535244 0.998517
11.88 5.37646e-11 2.29719e-11 0.000531669 0.000412959 0.000531669 0.998524
11.94 5.37613e-11 2.29721e-11 0.000530493 0.000412973 0.000530493 0.998526
