0 1.92939e-15 3.75236e-15 8.34025e-08 1.94293e-10 8.34025e-08 1
0.06 1.94206e-15 3.75239e-15 8.6787e-08 2.0192e-10 8.6787e-08 1
0.12 1.98083e-15 3.75246e-15 9.71419e-08 2.25259e-10 9.71419e-08 1
0.18 2.04845e-15 3.75259e-15 1.15225e-07 2.66029e-10 1.15225e-07 1
0.24 2.14993e-15 3.75278e-15 1.42403e-07 3.2734e-10 1.42403e-07 1
0.3 2.29288e-15 3.75304e-15 1.80755e-07 4.13928e-10 1.80755e-07 1
0.36 2.48803e-15 3.7534e-15 2.33224e-07 5.32525e-10 2.33224e-07 1
0.42 2.75009e-15 3.75389e-15 3.03836e-07 6.92383e-10 3.03836e-07 0.999999
0.48 3.09876e-15 3.75453e-15 3.98003e-07 9.06002e-10 3.98003e-07 0.999999
0.54 3.56021e-15 3.75537e-15 5.22921e-07 1.19011e-09 5.22921e-07 0.999999
0.6 4.16896e-15 3.75647e-15 6.88097e-07 1.56698e-09 6.88097e-07 0.999999
0.66 4.97038e-15 3.75791e-15 9.06048e-07 2.06619e-09 9.06048e-07 0.999998
0.72 6.02391e-15 3.7598e-15 1.1932e-06 2.72695e-09 1.1932e-06 0.999998
0.78 7.4073e-15 3.76226e-15 1.57106e-06 3.60119e-09 1.57106e-06 0.999997
0.84 9.222e-15 3.76547e-15 2.06775e-06 4.75769e-09 2.06775e-06 0.999996
0.9 1.16002e-14 3.76967e-15 2.71995e-06 6.28749e-09 2.71995e-06 0.999995
0.96 1.47138e-14 3.77514e-15 3.57544e-06 8.31109e-09 3.57544e-06 0.999993
1.02 1.8786e-14 3.78228e-15 4.69633e-06 1.0988e-08 4.69633e-06 0.999991
1.08 2.41061e-14 3.79159e-15 6.1632e-06 1.45294e-08 6.1632e-06 0.999988
1.14 3.10482e-14 3.80376e-15 8.0804e-06 1.92148e-08 8.0804e-06 0.999984
1.2 4.00951e-14 3.81964e-15 1.05828e-05 2.54142e-08 1.05828e-05 0.999979
1.26 5.18687e-14 3.84039e-15 1.38441e-05 3.36177e-08 1.38441e-05 0.999972
1.32 6.7168e-14 3.8675e-15 1.8088e-05 4.44742e-08 1.8088e-05 0.999964
1.38 8.70172e-14 3.90295e-15 2.36014e-05 5.88428e-08 2.36014e-05 0.999953
1.44 1.12725e-13 3.94932e-15 3.07511e-05 7.78618e-08 3.07511e-05 0.999938
1.5 1.45962e-13 4.00999e-15 4.00056e-05 1.03039e-07 4.00056e-05 0.99992
1.56 1.88849e-13 4.08942e-15 5.19608e-05 1.36371e-07 5.19608e-05 0.999896
1.62 2.44076e-13 4.19347e-15 6.73725e-05 1.80504e-07 6.73725e-05 0.999865
1.68 3.15041e-13 4.32983e-15 8.71966e-05 2.38947e-07 8.71966e-05 0.999825
1.74 4.06027e-13 4.50862e-15 0.000112638 3.16346e-07 0.000112638 0.999774
1.8 5.22407e-13 4.74317e-15 0.00014521 4.18863e-07 0.00014521 0.999709
1.86 6.70902e-13 5.05102e-15 0.000186806 5.54669e-07 0.000186806 0.999626
1.92 8.59891e-13 5.45528e-15 0.00023979 7.34595e-07 0.00023979 0.99952
1.98 1.09978e-12 5.9864e-15 0.000307095 9.7301e-07 0.000307095 0.999385
2.04 1.40343e-12 6.68456e-15 0.000392356 1.28897e-06 0.000392356 0.999214
2.1 1.7867e-12 7.60271e-15 0.00050005 1.70777e-06 0.00050005 0.998998
2.16 2.26905e-12 8.81074e-15 0.000635674 2.26295e-06 0.000635674 0.998726
2.22 2.87424e-12 1.04009e-14 0.000805947 2.99904e-06 0.000805947 0.998385
2.28 3.6312e-12 1.24951e-14 0.00101905 3.97514e-06 0.00101905 0.997958
2.34 4.57493e-12 1.52541e-14 0.00128489 5.2697e-06 0.00128489 0.997425
2.4 5.74767e-12 1.88905e-14 0.00161543 6.98684e-06 0.00161543 0.996762
2.46 7.20008e-12 2.36853e-14 0.002025 9.2648e-06 0.002025 0.995941
2.52 8.99267e-12 3.00096e-14 0.00253076 1.22871e-05 0.00253076 0.994926
2.58 1.11973e-11 3.83539e-14 0.00315308 1.62971e-05 0.00315308 0.993678
2.64 1.38991e-11 4.93666e-14 0.00391607 2.1618e-05 0.00391607 0.992146
2.7 1.71978e-11 6.39042e-14 0.00484807 2.86782e-05 0.00484807 0.990275
2.76 2.12105e-11 8.3098e-14 0.00598224 3.80457e-05 0.00598224 0.987997
2.82 2.60729e-11 1.08442e-13 0.00735718 5.04733e-05 0.00735718 0.985235
2.88 3.19422e-11 1.41906e-13 0.00901745 6.69571e-05 0.00901745 0.981898
2.94 3.89986e-11 1.86089e-13 0.0110143 8.88148e-05 0.0110143 0.977883
3 4.74475e-11 2.44414e-13 0.013406 0.000117787 0.013406 0.97307
3.06 5.75212e-11 3.21383e-13 0.0162587 0.000156168 0.0162587 0.967326
3.12 6.94798e-11 4.22908e-13 0.0196464 0.000206983 0.0196464 0.9605
3.18 8.36119e-11 5.56746e-13 0.0236511 0.000274202 0.0236511 0.952424
3.24 1.00233e-10 7.33042e-13 0.0283627 0.000363033 0.0283627 0.942912
3.3 1.19684e-10 9.65048e-13 0.0338781 0.000480289 0.0338781 0.931763
3.36 1.42325e-10 1.27002e-12 0.0403001 0.000634852 0.0403001 0.918765
3.42 1.68527e-10 1.67037e-12 0.0477345 0.000838269 0.0477345 0.903693
3.48 1.9866e-10 2.19513e-12 0.0562871 0.0011055 0.0562871 0.88632
3.54 2.33079e-10 2.88178e-12 0.0660589 0.00145588 0.0660589 0.866426
3.6 2.72093e-10 3.77862e-12 0.0771392 0.00191429 0.0771392 0.843807
3.66 3.15947e-10 4.94772e-12 0.089598 0.00251269 0.089598 0.818291
3.72 3.6478e-10 6.46878e-12 0.103476 0.00329203 0.103476 0.789756
3.78 4.18588e-10 8.44418e-12 0.118773 0.00430483 0.118773 0.758149
3.84 4.77184e-10 1.10058e-11 0.135438 0.00561853 0.135438 0.723505
3.9 5.40157e-10 1.43244e-11 0.153355 0.00732015 0.153355 0.68597
3.96 6.06839e-10 1.86233e-11 0.172335 0.00952308 0.172335 0.645807
4.02 6.76275e-10 2.41983e-11 0.192109 0.0123769 0.192109 0.603406
4.08 7.47216e-10 3.14482e-11 0.212322 0.0160825 0.212322 0.559274
4.14 8.18115e-10 4.09212e-11 0.232535 0.0209153 0.232535 0.514015
4.2 8.87129e-10 5.3386e-11 0.252225 0.0272604 0.252225 0.46829
4.26 9.52115e-10 6.99398e-11 0.270783 0.0356672 0.270783 0.422768
4.32 1.01059e-09 9.21658e-11 0.287502 0.0469285 0.287502 0.378067
4.38 1.05967e-09 1.2235e-10 0.301557 0.0621908 0.301557 0.334696
4.44 1.09585e-09 1.63742e-10 0.311956 0.0830875 0.311956 0.293002
4.5 1.11494e-09 2.20782e-10 0.317495 0.111858 0.317495 0.253151
4.56 1.11192e-09 2.99071e-10 0.316747 0.151345 0.316747 0.215162
4.62 1.08143e-09 4.04661e-10 0.308175 0.204648 0.308175 0.179003
4.68 1.01911e-09 5.42081e-10 0.290529 0.274153 0.290529 0.144789
4.74 9.24153e-10 7.11003e-10 0.263573 0.359867 0.263573 0.11299
4.8 8.0211e-10 9.0294e-10 0.228875 0.45775 0.228875 0.0844963
4.86 6.6547e-10 1.10121e-09 0.189989 0.559659 0.189989 0.0603675
4.92 5.29952e-10 1.28615e-09 0.151394 0.655904 0.151394 0.0413066
4.98 4.08816e-10 1.44255e-09 0.116873 0.73897 0.116873 0.0272859
5.04 3.09002e-10 1.5638e-09 0.0884108 0.805582 0.0884108 0.0175961
5.1 2.31352e-10 1.65096e-09 0.0662558 0.856279 0.0662558 0.0112096
5.16 1.73061e-10 1.70924e-09 0.0496133 0.893644 0.0496133 0.00712882
5.22 1.30096e-10 1.74489e-09 0.0373377 0.920761 0.0373377 0.00456346
5.28 9.86187e-11 1.76354e-09 0.0283366 0.940369 0.0283366 0.00295751
5.34 7.55172e-11 1.76966e-09 0.0217247 0.954603 0.0217247 0.00194712
5.4 5.84644e-11 1.76665e-09 0.0168391 0.965018 0.0168391 0.00130407
5.46 4.57841e-11 1.75699e-09 0.0132023 0.972707 0.0132023 0.000888339
5.52 3.62876e-11 1.74258e-09 0.0104757 0.978434 0.0104757 0.00061475
5.58 2.91325e-11 1.72487e-09 0.00841911 0.98273 0.00841911 0.000431398
5.64 2.37179e-11 1.70499e-09 0.00686112 0.985971 0.00686112 0.000306373
5.7 1.96095e-11 1.68389e-09 0.00567776 0.988424 0.00567776 0.000219785
5.76 1.64894e-11 1.66237e-09 0.00477821 0.990284 0.00477821 0.000159016
5.82 1.41216e-11 1.64111e-09 0.00409494 0.991694 0.00409494 0.00011591
5.88 1.23288e-11 1.62073e-09 0.00357717 0.99276 0.00357717 8.5094e-05
5.94 1.09764e-11 1.60176e-09 0.00318628 0.993564 0.00318628 6.29663e-05
6 9.96176e-12 1.58467e-09 0.00289277 0.994167 0.00289277 4.70769e-05
6.06 9.20641e-12 1.56988e-09 0.00267407 0.994616 0.00267407 3.57429e-05
6.12 8.65081e-12 1.55775e-09 0.00251302 0.994946 0.00251302 2.78049e-05
6.18 8.25065e-12 1.54855e-09 0.00239682 0.995184 0.00239682 2.24717e-05
6.24 7.97421e-12 1.54251e-09 0.00231632 0.995348 0.00231632 1.92206e-05
6.3 7.80057e-12 1.53977e-09 0.00226545 0.995451 0.00226545 1.77343e-05
6.36 7.71841e-12 1.54039e-09 0.00224093 0.9955 0.00224093 1.78647e-05
6.42 7.72531e-12 1.54438e-09 0.00224202 0.995496 0.00224202 1.9615e-05
6.48 7.8274e-12 1.55164e-09 0.00227046 0.995436 0.00227046 2.314e-05
6.54 8.03943e-12 1.56204e-09 0.00233046 0.99531 0.00233046 2.87622e-05
6.6 8.38531e-12 1.57537e-09 0.00242884 0.995105 0.00242884 3.70076e-05
6.66 8.89909e-12 1.59135e-09 0.00257531 0.9948 0.00257531 4.86666e-05
6.72 9.62666e-12 1.60969e-09 0.00278293 0.994369 0.00278293 6.48893e-05
6.78 1.06284e-11 1.63e-09 0.00306884 0.993774 0.00306884 8.73332e-05
6.84 1.19827e-11 1.65189e-09 0.00345529 0.992971 0.00345529 0.000118393
6.9 1.37918e-11 1.67491e-09 0.00397115 0.991896 0.00397115 0.000161561
6.96 1.61894e-11 1.69854e-09 0.00465413 0.990469 0.00465413 0.000221999
7.02 1.93521e-11 1.7222e-09 0.00555395 0.988584 0.00555395 0.000307468
7.08 2.35159e-11 1.74524e-09 0.00673692 0.986096 0.00673692 0.000429867
7.14 2.90009e-11 1.76687e-09 0.0082928 0.982806 0.0082928 0.000607791
7.2 3.6247e-11 1.78615e-09 0.0103449 0.978439 0.0103449 0.00087086
7.26 4.58686e-11 1.80188e-09 0.0130652 0.972603 0.0130652 0.00126703
7.32 5.87326e-11 1.81255e-09 0.0166963 0.964733 0.0166963 0.00187495
7.38 7.60711e-11 1.8161e-09 0.0215827 0.954011 0.0215827 0.00282441
7.44 9.96296e-11 1.80976e-09 0.0282123 0.939247 0.0282123 0.00432944
7.5 1.31834e-10 1.78975e-09 0.0372631 0.918737 0.0372631 0.00673868
7.56 1.75905e-10 1.75099e-09 0.0496348 0.890129 0.0496348 0.0106048
7.62 2.35743e-10 1.68711e-09 0.0664154 0.850413 0.0664154 0.0167611
7.68 3.15221e-10 1.59117e-09 0.0886843 0.796275 0.0886843 0.0263618
7.74 4.165e-10 1.45778e-09 0.117038 0.72514 0.117038 0.0407907
7.8 5.37355e-10 1.28685e-09 0.150844 0.63699 0.150844 0.0613271
7.86 6.68899e-10 1.08744e-09 0.187607 0.536206 0.187607 0.0885817
7.92 7.96324e-10 8.77878e-10 0.223179 0.431603 0.223179 0.122038
7.98 9.03834e-10 6.79826e-10 0.253143 0.333535 0.253143 0.160173
8.04 9.80671e-10 5.09826e-10 0.274503 0.249803 0.274503 0.201187
8.1 1.02368e-09 3.74719e-10 0.286389 0.183493 0.286389 0.243724
8.16 1.03568e-09 2.72996e-10 0.289602 0.133681 0.289602 0.287111
8.22 1.02225e-09 1.98849e-10 0.285713 0.0974189 0.285713 0.331154
8.28 9.89358e-10 1.45597e-10 0.276395 0.0713864 0.276395 0.375822
8.34 9.42254e-10 1.07435e-10 0.263123 0.0527245 0.263123 0.42103
8.4 8.85244e-10 7.99291e-11 0.2471 0.0392607 0.2471 0.466539
8.46 8.21796e-10 5.9906e-11 0.229297 0.0294467 0.229297 0.511959
8.52 7.54719e-10 4.51673e-11 0.210499 0.0222117 0.210499 0.556791
8.58 6.86305e-10 3.42041e-11 0.191344 0.0168221 0.191344 0.600491
8.64 6.18416e-10 2.59773e-11 0.172351 0.0127725 0.172351 0.642526
8.7 5.52531e-10 1.97623e-11 0.153931 0.00971016 0.153931 0.682427
8.76 4.89783e-10 1.5045e-11 0.136399 0.00738441 0.136399 0.719817
8.82 4.30984e-10 1.1454e-11 0.11998 0.00561366 0.11998 0.754425
8.88 3.76664e-10 8.71619e-12 0.10482 0.00426402 0.10482 0.786096
8.94 3.27108e-10 6.62797e-12 0.0909957 0.0032353 0.0909957 0.814773
9 2.82397e-10 5.03565e-12 0.0785288 0.00245174 0.0785288 0.840491
9.06 2.42455e-10 3.82237e-12 0.0673965 0.00185559 0.0673965 0.863351
9.12 2.07088e-10 2.89887e-12 0.0575432 0.00140266 0.0575432 0.883511
9.18 1.76018e-10 2.19676e-12 0.048891 0.00105906 0.048891 0.901159
9.24 1.48919e-10 1.6636e-12 0.0413477 0.00079879 0.0413477 0.916506
9.3 1.25438e-10 1.2592e-12 0.0348139 0.000601923 0.0348139 0.92977
9.36 1.05213e-10 9.52786e-13 0.0291886 0.00045321 0.0291886 0.94117
9.42 8.78899e-11 7.20832e-13 0.0243723 0.000341007 0.0243723 0.950914
9.48 7.31292e-11 5.45385e-13 0.0202701 0.000256438 0.0202701 0.959203
9.54 6.06138e-11 4.12768e-13 0.0167933 0.000192755 0.0167933 0.966221
9.6 5.00519e-11 3.12579e-13 0.0138605 0.000144835 0.0138605 0.972134
9.66 4.11787e-11 2.36919e-13 0.0113976 0.0001088 0.0113976 0.977096
9.72 3.37565e-11 1.798e-13 0.00933844 8.1715e-05 0.00933844 0.981241
9.78 2.75743e-11 1.36686e-13 0.00762405 6.13653e-05 0.00762405 0.984691
9.84 2.2446e-11 1.04146e-13 0.00620262 4.60804e-05 0.00620262 0.987549
9.9 1.8209e-11 7.95866e-14 0.00502883 3.46021e-05 0.00502883 0.989908
9.96 1.47223e-11 6.10495e-14 0.00406336 2.59836e-05 0.00406336 0.991847
10.02 1.1864e-11 4.7056e-14 0.00327233 1.95128e-05 0.00327233 0.993436
10.08 9.52972e-12 3.64904e-14 0.00262668 1.46546e-05 0.00262668 0.994732
10.14 7.63046e-12 2.85111e-14 0.00210165 1.1007e-05 0.00210165 0.995786
10.2 6.09078e-12 2.24834e-14 0.00167629 8.26826e-06 0.00167629 0.996639
10.26 4.84705e-12 1.79285e-14 0.0013329 6.2117e-06 0.0013329 0.997328
10.32 3.84589e-12 1.44855e-14 0.00105666 4.66726e-06 0.00105666 0.997882
10.38 3.04275e-12 1.18819e-14 0.000835214 3.50726e-06 0.000835214 0.998326
10.44 2.40061e-12 9.91238e-15 0.000658287 2.63591e-06 0.000658287 0.998681
10.5 1.88887e-12 8.42195e-15 0.000517394 1.9813e-06 0.000517394 0.998963
10.56 1.48235e-12 7.29359e-15 0.000405557 1.48944e-06 0.000405557 0.999187
10.62 1.1604e-12 6.439e-15 0.000317061 1.11982e-06 0.000317061 0.999365
10.68 9.06199e-13 5.79148e-15 0.000247248 8.42033e-07 0.000247248 0.999505
10.74 7.06073e-13 5.30064e-15 0.000192336 6.33226e-07 0.000192336 0.999615
10.8 5.48963e-13 4.92842e-15 0.000149267 4.76254e-07 0.000149267 0.999701
10.86 4.25957e-13 4.64603e-15 0.000115581 3.58235e-07 0.000115581 0.999768
10.92 3.29905e-13 4.4317e-15 8.93042e-05 2.69493e-07 8.93042e-05 0.999821
10.98 2.55091e-13 4.26895e-15 6.88599e-05 2.02759e-07 6.88599e-05 0.999862
11.04 1.96961e-13 4.14533e-15 5.29931e-05 1.52571e-07 5.29931e-05 0.999894
11.1 1.51901e-13 4.05139e-15 4.07087e-05 1.14825e-07 4.07087e-05 0.999918
11.16 1.17053e-13 3.97998e-15 3.12203e-05 8.64365e-08 3.12203e-05 0.999937
11.22 9.0164e-14 3.92569e-15 2.39086e-05 6.50866e-08 2.39086e-05 0.999952
11.28 6.94639e-14 3.88441e-15 1.82875e-05 4.90335e-08 1.82875e-05 0.999963
11.34 5.35669e-14 3.85303e-15 1.39768e-05 3.6968e-08 1.39768e-05 0.999972
11.4 4.13919e-14 3.8292e-15 1.06802e-05 2.79068e-08 1.06802e-05 0.999979
11.46 3.20987e-14 3.81111e-15 8.1676e-06 2.11119e-08 8.1676e-06 0.999984
11.52 2.50369e-14 3.79743e-15 6.26121e-06 1.60301e-08 6.26121e-06 0.999987
11.58 1.97064e-14 3.78714e-15 4.82431e-06 1.22478e-08 4.82431e-06 0.99999
11.64 1.57251e-14 3.77946e-15 3.75262e-06 9.45724e-09 3.75262e-06 0.999992
11.7 1.28045e-14 3.77384e-15 2.96751e-06 7.43145e-09 2.96751e-06 0.999994
11.76 1.07312e-14 3.76984e-15 2.4108e-06 6.00551e-09 2.4108e-06 0.999995
11.82 9.35214e-15 3.76719e-15 2.04085e-06 5.06317e-09 2.04085e-06 0.999996
11.88 8.56453e-15 3.76567e-15 1.8297e-06 4.52735e-09 1.8297e-06 0.999996
11.94 8.30883e-15 3.76518e-15 1.76118e-06 4.35379e-09 1.76118e-06 0.999996
