0 3.90914e-13 3.3835e-13 1.662e-05 5.4217e-08 1.662e-05 0.999967
0.06 3.92549e-13 3.3835e-13 1.71413e-05 5.424e-08 1.71413e-05 0.999966
0.12 3.97362e-13 3.38349e-13 1.86758e-05 5.43083e-08 1.86758e-05 0.999963
0.18 4.05452e-13 3.38348e-13 2.1256e-05 5.44257e-08 2.1256e-05 0.999957
0.24 4.17105e-13 3.38346e-13 2.49733e-05 5.45999e-08 2.49733e-05 0.99995
0.3 4.32788e-13 3.38344e-13 2.99784e-05 5.48436e-08 2.99784e-05 0.99994
0.36 4.53168e-13 3.38341e-13 3.6485e-05 5.51748e-08 3.6485e-05 0.999927
0.42 4.79126e-13 3.38337e-13 4.47764e-05 5.56183e-08 4.47764e-05 0.99991
0.48 5.11789e-13 3.38332e-13 5.5215e-05 5.62074e-08 5.5215e-05 0.99989
0.54 5.5257e-13 3.38326e-13 6.82544e-05 5.69863e-08 6.82544e-05 0.999863
0.6 6.03214e-13 3.38319e-13 8.44557e-05 5.80134e-08 8.44557e-05 0.999831
0.66 6.65859e-13 3.3831e-13 0.000104506 5.93657e-08 0.000104506 0.999791
0.72 7.43105e-13 3.38299e-13 0.000129242 6.11444e-08 0.000129242 0.999741
0.78 8.38103e-13 3.38286e-13 0.000159676 6.34823e-08 0.000159676 0.999681
0.84 9.54652e-13 3.38271e-13 0.000197031 6.65541e-08 0.000197031 0.999606
0.9 1.09732e-12 3.38253e-13 0.000242776 7.05891e-08 0.000242776 0.999514
0.96 1.27156e-12 3.38231e-13 0.00029867 7.58885e-08 0.00029867 0.999403
1.02 1.48391e-12 3.38205e-13 0.000366814 8.28483e-08 0.000366814 0.999266
1.08 1.74213e-12 3.38176e-13 0.000449709 9.19886e-08 0.000449709 0.9991
1.14 2.05544e-12 3.38141e-13 0.000550323 1.03993e-07 0.000550323 0.998899
1.2 2.43473e-12 3.38102e-13 0.000672165 1.1976e-07 0.000672165 0.998656
1.26 2.89284e-12 3.38058e-13 0.000819376 1.40471e-07 0.000819376 0.998361
1.32 3.44489e-12 3.38009e-13 0.000996822 1.6768e-07 0.000996822 0.998006
1.38 4.10855e-12 3.37956e-13 0.00121021 2.03429e-07 0.00121021 0.997579
1.44 4.90449e-12 3.37901e-13 0.00146619 2.50405e-07 0.00146619 0.997067
1.5 5.85675e-12 3.37845e-13 0.00177252 3.12142e-07 0.00177252 0.996455
1.56 6.99323e-12 3.37792e-13 0.00213821 3.93286e-07 0.00213821 0.995723
1.62 8.34618e-12 3.37749e-13 0.00257365 4.99947e-07 0.00257365 0.994852
1.68 9.95274e-12 3.37722e-13 0.00309082 6.4016e-07 0.00309082 0.993818
1.74 1.18556e-11 3.37725e-13 0.00370349 8.24484e-07 0.00370349 0.992592
1.8 1.41034e-11 3.37774e-13 0.0044274 1.0668e-06 0.0044274 0.991144
1.86 1.67519e-11 3.37893e-13 0.00528048 1.38534e-06 0.00528048 0.989438
1.92 1.9864e-11 3.38115e-13 0.00628308 1.80404e-06 0.00628308 0.987432
1.98 2.35111e-11 3.38483e-13 0.00745821 2.35434e-06 0.00745821 0.985081
2.04 2.77732e-11 3.39059e-13 0.00883176 3.07743e-06 0.00883176 0.982333
2.1 3.27403e-11 3.39924e-13 0.0104327 4.02734e-06 0.0104327 0.979131
2.16 3.85123e-11 3.41187e-13 0.0122934 5.27479e-06 0.0122934 0.975408
2.22 4.52002e-11 3.42995e-13 0.0144497 6.9123e-06 0.0144497 0.971094
2.28 5.29262e-11 3.4554e-13 0.016941 9.06073e-06 0.016941 0.966109
2.34 6.18241e-11 3.49079e-13 0.0198105 1.18778e-05 0.0198105 0.960367
2.4 7.20393e-11 3.53948e-13 0.0231053 1.5569e-05 0.0231053 0.953774
2.46 8.37281e-11 3.60589e-13 0.0268759 2.04014e-05 0.0268759 0.946228
2.52 9.70576e-11 3.69579e-13 0.0311762 2.67221e-05 0.0311762 0.937621
2.58 1.12204e-10 3.8167e-13 0.0360632 3.49802e-05 0.0360632 0.927839
2.64 1.29348e-10 3.97837e-13 0.0415957 4.57565e-05 0.0415957 0.916763
2.7 1.48679e-10 4.19344e-13 0.0478342 5.97993e-05 0.0478342 0.904272
2.76 1.7038e-10 4.47816e-13 0.0548387 7.80705e-05 0.0548387 0.890245
2.82 1.94633e-10 4.85344e-13 0.0626676 0.000101803 0.0626676 0.874563
2.88 2.21606e-10 5.34602e-13 0.0713753 0.00013257 0.0713753 0.857117
2.94 2.51446e-10 5.99e-13 0.0810097 0.000172376 0.0810097 0.837808
3 2.84271e-10 6.82866e-13 0.0916093 0.000223763 0.0916093 0.816558
3.06 3.20161e-10 7.91681e-13 0.1032 0.000289938 0.1032 0.793311
3.12 3.59144e-10 9.32351e-13 0.11579 0.000374944 0.11579 0.768044
3.18 4.01188e-10 1.11355e-12 0.129371 0.000483845 0.129371 0.740774
3.24 4.46189e-10 1.34615e-12 0.143909 0.000622968 0.143909 0.711559
3.3 4.93963e-10 1.64369e-12 0.159344 0.000800195 0.159344 0.680511
3.36 5.44242e-10 2.02306e-12 0.175591 0.00102531 0.175591 0.647793
3.42 5.96667e-10 2.50525e-12 0.192534 0.00131043 0.192534 0.613622
3.48 6.50798e-10 3.11635e-12 0.21003 0.00167057 0.21003 0.57827
3.54 7.06114e-10 3.88876e-12 0.227912 0.0021243 0.227912 0.542052
3.6 7.62028e-10 4.86292e-12 0.24599 0.00269465 0.24599 0.505325
3.66 8.17907e-10 6.08938e-12 0.26406 0.00341028 0.26406 0.468471
3.72 8.73084e-10 7.63181e-12 0.281906 0.00430711 0.281906 0.431881
3.78 9.26887e-10 9.57109e-12 0.299311 0.00543049 0.299311 0.395947
3.84 9.78655e-10 1.20111e-11 0.316062 0.00683841 0.316062 0.361037
3.9 1.02775e-09 1.50874e-11 0.331954 0.00860619 0.331954 0.327486
3.96 1.07359e-09 1.89794e-11 0.346794 0.0108335 0.346794 0.295579
4.02 1.1156e-09 2.39301e-11 0.360401 0.013655 0.360401 0.265543
4.08 1.15325e-09 3.02748e-11 0.372601 0.0172573 0.372601 0.237542
4.14 1.18599e-09 3.84867e-11 0.383215 0.0219048 0.383215 0.211666
4.2 1.21319e-09 4.9247e-11 0.39204 0.0279807 0.39204 0.187939
4.26 1.23404e-09 6.35518e-11 0.398818 0.0360506 0.398818 0.166314
4.32 1.24743e-09 8.28706e-11 0.403183 0.0469569 0.403183 0.146677
4.38 1.25169e-09 1.09367e-10 0.404598 0.0619541 0.404598 0.12885
4.44 1.24435e-09 1.46167e-10 0.402265 0.0828775 0.402265 0.112593
4.5 1.22188e-09 1.97593e-10 0.395041 0.112302 0.395041 0.0976162
4.56 1.17965e-09 2.69121e-10 0.381424 0.15355 0.381424 0.0836026
4.62 1.11245e-09 3.66559e-10 0.359734 0.210264 0.359734 0.070268
4.68 1.01634e-09 4.93833e-10 0.328692 0.285155 0.328692 0.057459
4.74 8.91764e-10 6.49354e-10 0.288437 0.377859 0.288437 0.045272
4.8 7.46475e-10 8.22821e-10 0.241475 0.48295 0.241475 0.0340943
4.86 5.95478e-10 9.96084e-10 0.192657 0.590221 0.192657 0.0244696
4.92 4.5497e-10 1.15039e-09 0.147221 0.688754 0.147221 0.0168007
4.98 3.36523e-10 1.27336e-09 0.108913 0.771031 0.108913 0.0111444
5.04 2.44037e-10 1.36186e-09 0.0789954 0.834776 0.0789954 0.00723336
5.1 1.75496e-10 1.41959e-09 0.0568197 0.881708 0.0568197 0.00465218
5.16 1.26219e-10 1.4531e-09 0.0408733 0.915257 0.0408733 0.00299639
5.22 9.1265e-11 1.46897e-09 0.0295591 0.938934 0.0295591 0.00194806
5.28 6.65192e-11 1.47273e-09 0.0215473 0.95562 0.0215473 0.00128522
5.34 4.892e-11 1.46858e-09 0.0158477 0.967441 0.0158477 0.000863268
5.4 3.63141e-11 1.45968e-09 0.0117642 0.97588 0.0117642 0.000591522
5.46 2.72278e-11 1.44837e-09 0.00882001 0.981946 0.00882001 0.000414206
5.52 2.06619e-11 1.43642e-09 0.00669199 0.986319 0.00669199 0.000297241
5.58 1.5939e-11 1.42519e-09 0.00516093 0.989458 0.00516093 0.000219795
5.64 1.25994e-11 1.41571e-09 0.0040779 0.991675 0.0040779 0.000169107
5.7 1.03314e-11 1.40876e-09 0.003342 0.993179 0.003342 0.00013739
5.76 8.92842e-12 1.40488e-09 0.00288609 0.994108 0.00288609 0.000120026
5.82 8.26049e-12 1.40443e-09 0.00266786 0.99455 0.00266786 0.000114523
5.88 8.25846e-12 1.40753e-09 0.00266456 0.994551 0.00266456 0.000119981
5.94 8.90535e-12 1.41414e-09 0.00287021 0.994123 0.00287021 0.000136883
6 1.02342e-11 1.42404e-09 0.00329477 0.993243 0.00329477 0.000167161
6.06 1.23314e-11 1.43683e-09 0.00396527 0.991855 0.00396527 0.000214551
6.12 1.53471e-11 1.45196e-09 0.00492892 0.989857 0.00492892 0.000285339
6.18 1.95139e-11 1.46868e-09 0.00625894 0.987093 0.00625894 0.000389683
6.24 2.51773e-11 1.48608e-09 0.0080643 0.983327 0.0080643 0.000543902
6.3 3.28456e-11 1.50299e-09 0.0105052 0.978215 0.0105052 0.000774363
6.36 4.32659e-11 1.51793e-09 0.0138172 0.971241 0.0138172 0.00112401
6.42 5.75384e-11 1.52894e-09 0.0183471 0.961643 0.0183471 0.00166319
6.48 7.72791e-11 1.53342e-09 0.024604 0.948285 0.024604 0.00250709
6.54 1.04826e-10 1.52786e-09 0.0333246 0.929508 0.0333246 0.00384235
6.6 1.4344e-10 1.50747e-09 0.0455364 0.902963 0.0455364 0.00596382
6.66 1.97352e-10 1.46615e-09 0.0625709 0.865542 0.0625709 0.00931561
6.72 2.71299e-10 1.39684e-09 0.0859187 0.81365 0.0859187 0.0145129
6.78 3.6906e-10 1.29328e-09 0.116765 0.744177 0.116765 0.0222928
6.84 4.90719e-10 1.15346e-09 0.155129 0.656414 0.155129 0.0333277
6.9 6.29703e-10 9.83701e-10 0.198929 0.554236 0.198929 0.0479047
6.96 7.724e-10 7.99837e-10 0.243868 0.446601 0.243868 0.0656619
7.02 9.02491e-10 6.22373e-10 0.284802 0.344719 0.284802 0.0856779
7.08 1.00756e-09 4.68081e-10 0.317821 0.257423 0.317821 0.106936
7.14 1.0827e-09 3.4472e-10 0.341393 0.188431 0.341393 0.128783
7.2 1.12945e-09 2.51727e-10 0.35601 0.136918 0.35601 0.151062
7.26 1.15248e-09 1.84049e-10 0.36315 0.0997271 0.36315 0.173972
7.32 1.15694e-09 1.3557e-10 0.364444 0.0732605 0.364444 0.197852
7.38 1.14719e-09 1.00904e-10 0.361268 0.0544316 0.361268 0.223033
7.44 1.12652e-09 7.59362e-11 0.354659 0.0409184 0.354659 0.249764
7.5 1.0973e-09 5.77324e-11 0.345365 0.0310869 0.345365 0.278182
7.56 1.06124e-09 4.42741e-11 0.33393 0.0238241 0.33393 0.308316
7.62 1.01967e-09 3.41881e-11 0.320764 0.0183798 0.320764 0.340091
7.68 9.73634e-10 2.65382e-11 0.306206 0.0142463 0.306206 0.373342
7.74 9.24078e-10 2.06788e-11 0.290547 0.0110755 0.290547 0.407831
7.8 8.71859e-10 1.61566e-11 0.27406 0.00862422 0.27406 0.443256
7.86 8.17799e-10 1.26475e-11 0.257002 0.00671887 0.257002 0.479277
7.92 7.62683e-10 9.91476e-12 0.239621 0.0052327 0.239621 0.515525
7.98 7.0726e-10 7.78215e-12 0.222152 0.00407134 0.222152 0.551625
8.04 6.52227e-10 6.11651e-12 0.204813 0.00316326 0.204813 0.58721
8.1 5.98219e-10 4.81573e-12 0.187804 0.00245348 0.187804 0.621938
8.16 5.45795e-10 3.80078e-12 0.171301 0.00189931 0.171301 0.655499
8.22 4.95429e-10 3.00996e-12 0.15545 0.00146733 0.15545 0.687633
8.28 4.47502e-10 2.3949e-12 0.140372 0.00113124 0.140372 0.718126
8.34 4.02304e-10 1.91754e-12 0.126156 0.000870344 0.126156 0.746817
8.4 3.60036e-10 1.54791e-12 0.112866 0.000668271 0.112866 0.773599
8.46 3.20816e-10 1.26239e-12 0.100538 0.000512126 0.100538 0.798412
8.52 2.84688e-10 1.04238e-12 0.0891845 0.00039175 0.0891845 0.821239
8.58 2.51632e-10 8.733e-13 0.0787992 0.000299157 0.0787992 0.842103
8.64 2.21576e-10 7.43684e-13 0.0693588 0.000228088 0.0693588 0.861054
8.7 1.94407e-10 6.44581e-13 0.0608272 0.000173651 0.0608272 0.878172
8.76 1.69981e-10 5.69006e-13 0.0531587 0.000132033 0.0531587 0.893551
8.82 1.4813e-10 5.11526e-13 0.0463006 0.000100271 0.0463006 0.907299
8.88 1.28677e-10 4.67925e-13 0.0401962 7.607e-05 0.0401962 0.919531
8.94 1.11433e-10 4.34944e-13 0.0347868 5.76572e-05 0.0347868 0.930369
9 9.62134e-11 4.10068e-13 0.0300133 4.36669e-05 0.0300133 0.93993
9.06 8.28323e-11 3.91362e-13 0.0258175 3.30495e-05 0.0258175 0.948332
9.12 7.11121e-11 3.7734e-13 0.0221434 2.50004e-05 0.0221434 0.955688
9.18 6.08836e-11 3.66866e-13 0.0189378 1.89041e-05 0.0189378 0.962105
9.24 5.1988e-11 3.59072e-13 0.0161506 1.42906e-05 0.0161506 0.967684
9.3 4.42774e-11 3.53296e-13 0.0137354 1.08018e-05 0.0137354 0.972518
9.36 3.76158e-11 3.49035e-13 0.0116493 8.16512e-06 0.0116493 0.976693
9.42 3.18787e-11 3.45909e-13 0.00985323 6.17354e-06 0.00985323 0.980287
9.48 2.69531e-11 3.43628e-13 0.00831165 4.66989e-06 0.00831165 0.983372
9.54 2.27371e-11 3.41976e-13 0.00699256 3.53507e-06 0.00699256 0.986011
9.6 1.91393e-11 3.40789e-13 0.00586725 2.67886e-06 0.00586725 0.988263
9.66 1.60782e-11 3.39944e-13 0.00491009 2.03304e-06 0.00491009 0.990178
9.72 1.34812e-11 3.3935e-13 0.00409835 1.546e-06 0.00409835 0.991802
9.78 1.12845e-11 3.38939e-13 0.00341193 1.17875e-06 0.00341193 0.993175
9.84 9.43155e-12 3.38659e-13 0.00283316 9.01875e-07 0.00283316 0.994333
9.9 7.87307e-12 3.38473e-13 0.00234653 6.9314e-07 0.00234653 0.995306
9.96 6.56593e-12 3.38354e-13 0.00193855 5.35784e-07 0.00193855 0.996122
10.02 5.47264e-12 3.38282e-13 0.00159745 4.17163e-07 0.00159745 0.996805
10.08 4.56076e-12 3.38242e-13 0.00131307 3.27741e-07 0.00131307 0.997374
10.14 3.80226e-12 3.38223e-13 0.00107662 2.6033e-07 0.00107662 0.997847
10.2 3.17305e-12 3.38219e-13 0.000880569 2.09511e-07 0.000880569 0.998239
10.26 2.65251e-12 3.38223e-13 0.000718453 1.71197e-07 0.000718453 0.998563
10.32 2.22301e-12 3.38232e-13 0.000584759 1.42311e-07 0.000584759 0.99883
10.38 1.86958e-12 3.38244e-13 0.000474797 1.20532e-07 0.000474797 0.99905
10.44 1.57949e-12 3.38258e-13 0.000384595 1.04111e-07 0.000384595 0.999231
10.5 1.34202e-12 3.38271e-13 0.000310794 9.17296e-08 0.000310794 0.999378
10.56 1.14811e-12 3.38283e-13 0.000250569 8.23939e-08 0.000250569 0.999499
10.62 9.90184e-13 3.38295e-13 0.000201549 7.5355e-08 0.000201549 0.999597
10.68 8.61881e-13 3.38305e-13 0.00016175 7.00481e-08 0.00016175 0.999676
10.74 7.57904e-13 3.38314e-13 0.000129519 6.60474e-08 0.000129519 0.999741
10.8 6.73848e-13 3.38321e-13 0.000103482 6.30318e-08 0.000103482 0.999793
10.86 6.0606e-13 3.38328e-13 8.25002e-05 6.07592e-08 8.25002e-05 0.999835
10.92 5.51523e-13 3.38333e-13 6.5633e-05 5.90471e-08 6.5633e-05 0.999869
10.98 5.07752e-13 3.38338e-13 5.21065e-05 5.77576e-08 5.21065e-05 0.999896
11.04 4.72704e-13 3.38342e-13 4.12852e-05 5.67868e-08 4.12852e-05 0.999917
11.1 4.44708e-13 3.38345e-13 3.2649e-05 5.60564e-08 3.2649e-05 0.999935
11.16 4.22399e-13 3.38348e-13 2.57735e-05 5.55073e-08 2.57735e-05 0.999948
11.22 4.04665e-13 3.3835e-13 2.03136e-05 5.50947e-08 2.03136e-05 0.999959
11.28 3.90606e-13 3.38352e-13 1.59894e-05 5.47852e-08 1.59894e-05 0.999968
11.34 3.79492e-13 3.38353e-13 1.25748e-05 5.45532e-08 1.25748e-05 0.999975
11.4 3.70737e-13 3.38354e-13 9.8876e-06 5.43797e-08 9.8876e-06 0.99998
11.46 3.63869e-13 3.38355e-13 7.78192e-06 5.42502e-08 7.78192e-06 0.999984
11.52 3.58511e-13 3.38356e-13 6.14127e-06 5.4154e-08 6.14127e-06 0.999988
11.58 3.54367e-13 3.38356e-13 4.87336e-06 5.40829e-08 4.87336e-06 0.99999
11.64 3.512e-13 3.38357e-13 3.90571e-06 5.40308e-08 3.90571e-06 0.999992
11.7 3.48831e-13 3.38357e-13 3.18217e-06 5.39933e-08 3.18217e-06 0.999994
11.76 3.47119e-13 3.38357e-13 2.66018e-06 5.39671e-08 2.66018e-06 0.999995
11.82 3.45966e-13 3.38357e-13 2.30858e-06 5.39499e-08 2.30858e-06 0.999995
11.88 3.45302e-13 3.38357e-13 2.10607e-06 5.39402e-08 2.10607e-06 0.999996
11.94 3.45085e-13 3.38357e-13 2.04007e-06 5.39371e-08 2.04007e-06 0.999996
